1.000000000000000000e+00 -1.068054745264767007e+02 8.665755833416055154e+00
2.000000000000000000e+00 -1.122408287770604147e+02 8.713651397730702186e+00
3.000000000000000000e+00 -4.104878833501679765e+02 9.917579001071105793e+00
4.000000000000000000e+00 -2.648085048780621946e+02 7.532860294479089447e+00
5.000000000000000000e+00 -2.146857377172873385e+02 9.185767305631515001e+00
6.000000000000000000e+00 -1.134154873402412704e+02 8.889498507667282112e+00
7.000000000000000000e+00 -2.657458793550231348e+02 9.630945785504000156e+00
8.000000000000000000e+00 -2.935214812467984302e+02 8.951768483692683631e+00
9.000000000000000000e+00 -2.887466304776571633e+02 1.192015605379497600e+01
1.000000000000000000e+01 -1.266528328165040875e+02 9.631360514436781983e+00
1.100000000000000000e+01 -3.891024251522894701e+02 7.520181315963863078e+00
1.200000000000000000e+01 -4.765970317974006321e+02 9.099970569221971672e+00
1.300000000000000000e+01 -3.024589031643990893e+02 1.411559623369485372e+01
1.400000000000000000e+01 -1.957921128039606629e+02 9.098377498178193079e+00
1.500000000000000000e+01 -3.247511809136694865e+02 1.064670464427642038e+01
1.600000000000000000e+01 -1.603204378681111848e+02 9.237837859930946749e+00
1.700000000000000000e+01 -4.558950121304078493e+02 8.696540246857232148e+00
1.800000000000000000e+01 -3.051455110455108297e+02 9.712674366296820239e+00
1.900000000000000000e+01 -2.491371709589775492e+02 1.083160963023019363e+01
2.000000000000000000e+01 1.407906264012262909e+02 8.938128891302692836e+00
2.100000000000000000e+01 -4.169772913451597560e+02 1.159622347343466053e+01
2.200000000000000000e+01 -1.666711780251898745e+02 9.380233022061693404e+00
2.300000000000000000e+01 -3.236870106660790043e+02 1.225383606971312211e+01
2.400000000000000000e+01 -5.360406594715996107e+02 1.201356069640787716e+01
2.500000000000000000e+01 -3.417164869018215541e+02 7.385515983281583985e+00
2.600000000000000000e+01 -4.181988479466817807e+02 1.290381101201974445e+01
2.700000000000000000e+01 -6.697607735337978738e+02 9.572825434935193556e+00
2.800000000000000000e+01 -3.398664065612802005e+02 9.819597129337893193e+00
2.900000000000000000e+01 -4.796679912390081881e+02 1.215358636959337879e+01
3.000000000000000000e+01 -2.034671964833887614e+02 7.130693010405864563e+00
3.100000000000000000e+01 -2.171388750580854321e+02 1.044845258889644590e+01
3.200000000000000000e+01 -1.947675562524404995e+02 9.022791277513304564e+00
3.300000000000000000e+01 -2.451409057877990563e+02 1.044242113517902482e+01
3.400000000000000000e+01 -2.416787437223974848e+02 8.376660576560075455e+00
3.500000000000000000e+01 -7.674165500668214008e+02 1.456999440564486292e+01
3.600000000000000000e+01 -7.312357832210545894e+01 8.669716022000352851e+00
3.700000000000000000e+01 -1.509494273198270093e+02 9.341383699879486358e+00
3.800000000000000000e+01 -3.292722974856878864e+02 1.196015553703419343e+01
3.900000000000000000e+01 -4.245569642144296267e+02 8.522594934848324755e+00
4.000000000000000000e+01 -7.673072379186578473e+01 7.525348880003758900e+00
4.100000000000000000e+01 -1.645026242651529174e+02 1.390977287367233295e+01
4.200000000000000000e+01 -4.753512252530963451e+02 9.774976549281763738e+00
4.300000000000000000e+01 -3.229441709547918435e+02 1.182221312445964934e+01
4.400000000000000000e+01 -2.988801889918058805e+02 9.120435263887401334e+00
4.500000000000000000e+01 -1.571145486579753197e+02 1.333343605279592659e+01
4.600000000000000000e+01 -3.684072329108857957e+02 8.783097914832465491e+00
4.700000000000000000e+01 -3.306703715169323914e+02 8.192481871415440153e+00
4.800000000000000000e+01 -3.225726335037143144e+01 9.257724948891592476e+00
4.900000000000000000e+01 -2.909973914437523490e+02 1.440058755991357842e+01
5.000000000000000000e+01 -1.974206644411915477e+02 1.252732246615839529e+01
5.100000000000000000e+01 -1.562964862095104763e+02 1.381475753106114901e+01
5.200000000000000000e+01 -2.251795185184591901e+02 1.525796381279852909e+01
5.300000000000000000e+01 -2.202034325930490013e+02 9.757012454428656056e+00
5.400000000000000000e+01 -1.559241444487943227e+02 1.108128781058194789e+01
5.500000000000000000e+01 -2.318153075087102479e+02 8.728559284741933766e+00
5.600000000000000000e+01 -1.451316280464643569e+02 1.478838851790333031e+01
5.700000000000000000e+01 -7.205536721428925375e+02 1.160647295271119539e+01
5.800000000000000000e+01 -4.087775713687469761e+02 1.331686034044596489e+01
5.900000000000000000e+01 -2.789100005726622840e+02 1.034951983979378554e+01
6.000000000000000000e+01 -4.416111467766559144e+02 1.200664445725695373e+01
6.100000000000000000e+01 -1.654747884212501958e+02 8.609910500590485682e+00
6.200000000000000000e+01 -1.565326122770848087e+02 9.322155947365434514e+00
6.300000000000000000e+01 -2.877174379851767299e+02 1.143001602560004137e+01
6.400000000000000000e+01 -4.308332631490447966e+02 1.372322225963703168e+01
6.500000000000000000e+01 -2.829552515502145980e+02 1.196450483113228280e+01
6.600000000000000000e+01 -9.539883480512617098e+01 1.188806190295101217e+01
6.700000000000000000e+01 -3.784146241790103886e+02 1.038139081113825668e+01
6.800000000000000000e+01 -3.736825600784641210e+02 6.955349795593460449e+00
6.900000000000000000e+01 -3.591150903342768288e+02 8.329731605472810330e+00
7.000000000000000000e+01 -3.128872291311827212e+02 1.028561647184951866e+01
7.100000000000000000e+01 -4.960344022911431239e+02 1.293434127802179212e+01
7.200000000000000000e+01 -4.148253544378694642e+02 1.037092469075610701e+01
7.300000000000000000e+01 -1.229489090752285847e+02 9.561563627314431102e+00
7.400000000000000000e+01 -2.990565532926902961e+02 7.749335507494926389e+00
7.500000000000000000e+01 -1.717441352510295474e+02 9.701633518738097095e+00
7.600000000000000000e+01 -3.618282548525585298e+02 1.017112267846338014e+01
7.700000000000000000e+01 -3.788216293811292417e+02 1.218768020522032991e+01
7.800000000000000000e+01 -2.292067471057266630e+02 8.071560806688241385e+00
7.900000000000000000e+01 -3.110500693663179845e+02 1.043973502888197658e+01
8.000000000000000000e+01 -1.775861842925141900e+02 1.355443489282312974e+01
8.100000000000000000e+01 -1.135752223975487141e+02 1.268765252189634474e+01
8.200000000000000000e+01 -4.638269362862547496e+02 1.142498595302424391e+01
8.300000000000000000e+01 -1.206448368937217310e+02 1.166319772670506794e+01
8.400000000000000000e+01 -5.148630072180476418e+02 9.752558940816882682e+00
8.500000000000000000e+01 2.777702706907517040e+03 7.717619873233519279e+00
8.600000000000000000e+01 -2.636371892334805125e+02 8.288534230213251419e+00
8.700000000000000000e+01 -1.116213791785639842e+02 8.135191771097927571e+00
8.800000000000000000e+01 -3.404820876080384551e+02 1.049017941985394842e+01
8.900000000000000000e+01 -8.948924092821926024e+01 9.741487402343386393e+00
9.000000000000000000e+01 -3.030661044781591045e+02 8.309572516325438585e+00
9.100000000000000000e+01 -1.781139661935540062e+02 9.406050934294022170e+00
9.200000000000000000e+01 -4.201916152217163472e+02 1.189051361593319278e+01
9.300000000000000000e+01 -1.798611172554874429e+02 1.024376590641805507e+01
9.400000000000000000e+01 -4.196798990994802807e+02 1.191707066960188222e+01
9.500000000000000000e+01 -3.387795062348241117e+02 9.538344866324779403e+00
9.600000000000000000e+01 -3.381660722800161238e+02 1.029025954046110414e+01
9.700000000000000000e+01 -3.078862484191404292e+02 1.027135883550503692e+01
9.800000000000000000e+01 -2.320991901472689278e+02 1.193689735809863350e+01
9.900000000000000000e+01 -2.564007415914156809e+02 1.169224311225641344e+01
1.000000000000000000e+02 -1.666610005244629065e+02 1.191000348298911860e+01
1.010000000000000000e+02 -2.909898267444914381e+02 1.006170529106552003e+01
1.020000000000000000e+02 -5.190256010836110363e+02 7.335945680616396736e+00
1.030000000000000000e+02 -7.974186177138699350e+01 1.140501365880561835e+01
1.040000000000000000e+02 -1.441749235511142615e+02 7.848174152287433536e+00
1.050000000000000000e+02 -2.183222763963726720e+02 9.152769518923495440e+00
1.060000000000000000e+02 -2.416970478792936774e+02 1.085523251984724524e+01
1.070000000000000000e+02 -1.748871942511577799e+02 7.899751839854238789e+00
1.080000000000000000e+02 -2.842895822201007832e+02 1.340958950665572402e+01
1.090000000000000000e+02 -2.618265843582248635e+02 9.131375637157720604e+00
1.100000000000000000e+02 -1.086006900549509737e+02 7.941111644356692700e+00
1.110000000000000000e+02 -2.758704164499204126e+02 1.188687472641698228e+01
1.120000000000000000e+02 -7.356733929219080892e+01 8.141616383230262599e+00
1.130000000000000000e+02 -2.274662267705434715e+02 1.069088288213767690e+01
1.140000000000000000e+02 -2.100746294835871595e+02 9.206941084744300952e+00
1.150000000000000000e+02 -1.431283507055104565e+02 1.366937982664508588e+01
1.160000000000000000e+02 -1.722142583436634595e+02 9.893507972538236217e+00
1.170000000000000000e+02 -1.469969385913964288e+02 8.250347924713086201e+00
1.180000000000000000e+02 -4.848257566382590085e+02 1.238350687755333013e+01
1.190000000000000000e+02 -2.292179603894037427e+02 9.444864920409294484e+00
1.200000000000000000e+02 -3.208651069712168464e+02 1.174735305542168717e+01
1.210000000000000000e+02 -3.354137107002588891e+01 8.914035247370259540e+00
1.220000000000000000e+02 -2.355073054655795204e+02 8.456604566785541621e+00
1.230000000000000000e+02 -5.060930809571646023e+02 9.397970561018313518e+00
1.240000000000000000e+02 -9.464864088505373729e+01 8.633720595041650014e+00
1.250000000000000000e+02 -4.570208144823682233e+02 7.869399261928888833e+00
1.260000000000000000e+02 -3.144691764724566383e+02 1.266617086664554925e+01
1.270000000000000000e+02 -3.348844497788950321e+02 8.557215564414651254e+00
1.280000000000000000e+02 -4.258084394898178289e+02 1.339918343750612806e+01
1.290000000000000000e+02 -2.986957563821952135e+02 8.213152912933193051e+00
1.300000000000000000e+02 -1.089287570697570118e+02 9.154667847576320128e+00
1.310000000000000000e+02 -1.936534628538229299e+02 9.857944104148552711e+00
1.320000000000000000e+02 -2.651079131504611723e+02 1.134318492493719965e+01
1.330000000000000000e+02 -2.289799696382824550e+02 8.886856202950209394e+00
1.340000000000000000e+02 -1.309607087892254640e+01 9.586850503832087256e+00
1.350000000000000000e+02 -1.868155732081359020e+02 1.144490527045884321e+01
1.360000000000000000e+02 -3.859090829804154055e+02 1.405513539147854196e+01
1.370000000000000000e+02 -1.349920561058515887e+02 8.816102303596627721e+00
1.380000000000000000e+02 -2.467977527029088378e+02 1.068380178056106189e+01
1.390000000000000000e+02 -1.610170919931106255e+02 1.296258665155612810e+01
1.400000000000000000e+02 -2.608453518480855564e+02 8.077594732581470538e+00
1.410000000000000000e+02 -2.930263785299212032e+02 9.635576877609787871e+00
1.420000000000000000e+02 -9.534300734016233037e+01 8.297807475345466699e+00
1.430000000000000000e+02 -3.756923863006340980e+02 1.162983965518083451e+01
1.440000000000000000e+02 -2.175667880264436462e+02 1.095100190827043107e+01
1.450000000000000000e+02 -1.779619224418865997e+02 6.755184956696361986e+00
1.460000000000000000e+02 -4.017094315245030884e+02 1.181425232049752871e+01
1.470000000000000000e+02 -3.439536484884756646e+02 9.809371482888213478e+00
1.480000000000000000e+02 -1.667393782398539770e+02 1.078652309726826530e+01
1.490000000000000000e+02 -2.426419221128680874e+02 1.205872993559311190e+01
1.500000000000000000e+02 -4.129893652736336662e+02 1.086481773234974391e+01
1.510000000000000000e+02 -4.002658089644646680e+02 1.110287827350732393e+01
1.520000000000000000e+02 -4.246568438601216258e+02 9.744806562060338351e+00
1.530000000000000000e+02 -6.219143099652783349e+02 1.233493106406603168e+01
1.540000000000000000e+02 -4.408459568560247135e+02 1.256972927642342874e+01
1.550000000000000000e+02 -2.315854492150947408e+02 1.085647727726982303e+01
1.560000000000000000e+02 -5.092895287697401727e+02 1.062993049335436524e+01
1.570000000000000000e+02 -3.711968571975558007e+02 1.027616069902149576e+01
1.580000000000000000e+02 -8.959981437500482571e+01 1.589511150014628349e+01
1.590000000000000000e+02 -4.573708487653702832e+02 1.193306619225064935e+01
1.600000000000000000e+02 -2.750166024176987776e+02 1.084144787308539115e+01
1.610000000000000000e+02 -2.042940404943228714e+02 9.154629380127978777e+00
1.620000000000000000e+02 -4.197387480607221732e+02 1.489017207607684767e+01
1.630000000000000000e+02 -1.045366959992998090e+02 8.525803110879040858e+00
1.640000000000000000e+02 -4.075340908650341589e+02 1.058684699014947128e+01
1.650000000000000000e+02 -1.060229705073979858e+02 9.762207194786460818e+00
1.660000000000000000e+02 -2.376301066619180347e+02 7.471963585248340145e+00
1.670000000000000000e+02 -6.011088698055373243e+02 9.497611981080984478e+00
1.680000000000000000e+02 -3.660577444190394090e+02 1.088683701600511000e+01
1.690000000000000000e+02 -2.143613159008245930e+02 1.087710906581833648e+01
1.700000000000000000e+02 -1.922949555259210683e+02 9.640187936253173717e+00
1.710000000000000000e+02 -4.578870296512850473e+02 1.035790602194769328e+01
1.720000000000000000e+02 -1.381879590724911395e+02 8.228862745744709883e+00
1.730000000000000000e+02 -3.393034990108080819e+02 8.584350889996111178e+00
1.740000000000000000e+02 -8.149794156358257169e+01 1.258722483078757648e+01
1.750000000000000000e+02 -1.838322059689453454e+02 8.694599296460387094e+00
1.760000000000000000e+02 -3.492128989584916781e+02 9.019733938660483119e+00
1.770000000000000000e+02 -1.638220369924652005e+02 8.638248736769124747e+00
1.780000000000000000e+02 -6.266712194391748199e+02 1.174443286082184379e+01
1.790000000000000000e+02 -4.422503689774566737e+02 8.191883146331974785e+00
1.800000000000000000e+02 -2.717505309765920174e+02 8.949517394792534830e+00
1.810000000000000000e+02 -4.517710561217345457e+02 1.036553766306083446e+01
1.820000000000000000e+02 -2.288130699761941287e+02 1.335739192183064894e+01
1.830000000000000000e+02 -2.410153414707106094e+02 8.519184356620451481e+00
1.840000000000000000e+02 -3.116323321797644894e+02 1.170468603627507420e+01
1.850000000000000000e+02 -3.347855407194847430e+02 1.388936010086991502e+01
1.860000000000000000e+02 -1.538920130807664464e+02 1.042194147268877558e+01
1.870000000000000000e+02 -1.575406710558399936e+02 8.339509355566592674e+00
1.880000000000000000e+02 -3.205792129247065532e+02 1.226407886187039331e+01
1.890000000000000000e+02 -3.102501593556862645e+02 1.091603805139392414e+01
1.900000000000000000e+02 -1.952527062468307122e+02 1.133493152690438244e+01
1.910000000000000000e+02 -1.034298457839659022e+02 9.756810105635436159e+00
1.920000000000000000e+02 -3.788382802939204339e+02 1.468594961841237101e+01
1.930000000000000000e+02 -3.901949793157928070e+02 7.465008867250092273e+00
1.940000000000000000e+02 -1.469308690594430118e+02 1.199000622054517073e+01
1.950000000000000000e+02 -3.952679826327021146e+02 8.618921130456708823e+00
1.960000000000000000e+02 -2.927753722590932739e+02 7.991664022336563811e+00
1.970000000000000000e+02 -3.387677206327316526e+02 8.611985184835925011e+00
1.980000000000000000e+02 -3.145446135284732918e+02 9.688972103002839731e+00
1.990000000000000000e+02 -3.623556597868300742e+02 1.343916767345430863e+01
2.000000000000000000e+02 -1.617053242728097757e+02 8.190004026873086929e+00
2.010000000000000000e+02 -9.172678171802908764e+01 1.206682279819440318e+01
2.020000000000000000e+02 -2.028979023696565491e+02 1.238834648543294570e+01
2.030000000000000000e+02 -3.264840412654029933e+02 8.122514637127379089e+00
2.040000000000000000e+02 -6.884040051510328340e+01 1.062641899769796794e+01
2.050000000000000000e+02 -3.715521081665856400e+02 7.942858055038319876e+00
2.060000000000000000e+02 -2.969517748623738953e+02 9.396914222677848372e+00
2.070000000000000000e+02 -7.858338260722357518e+02 9.326809996047124685e+00
2.080000000000000000e+02 -8.831207586572054424e+01 7.358178859537849448e+00
2.090000000000000000e+02 -2.412026191704435405e+02 1.012730118125837464e+01
2.100000000000000000e+02 -1.500110969396105247e+02 1.034571071828763600e+01
2.110000000000000000e+02 -5.059222862075039302e+02 9.154786919416372015e+00
2.120000000000000000e+02 -1.374096490320353041e+02 1.072311822638006795e+01
2.130000000000000000e+02 -4.472121742565504974e+02 1.328677443988944518e+01
2.140000000000000000e+02 -2.125482606877922080e+02 1.340259997841140738e+01
2.150000000000000000e+02 -3.021166345776409798e+02 1.362938196386411249e+01
2.160000000000000000e+02 -3.510340361029784617e+02 8.621310884783570216e+00
2.170000000000000000e+02 -1.614568426429864303e+02 7.613990662574933843e+00
2.180000000000000000e+02 -1.423255103962419525e+02 7.455530835904403020e+00
2.190000000000000000e+02 -6.269319948704242051e+01 7.896592110153478394e+00
2.200000000000000000e+02 -1.487861548025266529e+02 7.891498592289874381e+00
2.210000000000000000e+02 -2.477585767354157724e+02 1.107105838914140072e+01
2.220000000000000000e+02 -2.687334777395044512e+02 9.447454348122757750e+00
2.230000000000000000e+02 -4.543516052767499787e+02 1.053204255009849533e+01
2.240000000000000000e+02 -2.937269240814193836e+02 1.459459119454692555e+01
2.250000000000000000e+02 -2.305319801542318601e+02 9.840810591281600850e+00
2.260000000000000000e+02 -1.880410768116425970e+02 1.064576523600053548e+01
2.270000000000000000e+02 -3.343668168786516617e+02 1.145949940946819723e+01
2.280000000000000000e+02 -1.337436209603474708e+02 1.366993513724985476e+01
2.290000000000000000e+02 -4.195235720863838651e+02 1.246530346218128038e+01
2.300000000000000000e+02 -3.289446910614497028e+02 8.462719190951878190e+00
2.310000000000000000e+02 -1.928438855141730528e+02 1.268762598915862405e+01
2.320000000000000000e+02 -1.611201191347959139e+02 1.175139492573184086e+01
2.330000000000000000e+02 -2.708553371353473267e+02 9.458276679911159945e+00
2.340000000000000000e+02 -8.477624253580834193e+02 1.180561448139237690e+01
2.350000000000000000e+02 -4.426820877213467611e+02 1.290961650416602957e+01
2.360000000000000000e+02 -2.461525466740222328e+02 8.574727355945523044e+00
2.370000000000000000e+02 1.037759977393716326e+01 7.870678824855802169e+00
2.380000000000000000e+02 -3.035494220182099525e+02 7.295552078541978069e+00
2.390000000000000000e+02 -2.536006328178755211e+02 1.139216132037069151e+01
2.400000000000000000e+02 -1.281729399822966116e+02 1.080151841869490781e+01
2.410000000000000000e+02 -2.224804355403284717e+02 9.723395139822121891e+00
2.420000000000000000e+02 -3.318502565491526184e+02 1.228208123051210343e+01
2.430000000000000000e+02 -4.639721889324682707e+02 8.011375093366796207e+00
2.440000000000000000e+02 -4.211296151770447977e+02 1.069755586478600051e+01
2.450000000000000000e+02 -1.074258918984896809e+02 8.843668978687421856e+00
2.460000000000000000e+02 -2.373938808197435719e+02 7.859055656422117231e+00
2.470000000000000000e+02 -5.047769955919829954e+02 1.342981352629207414e+01
2.480000000000000000e+02 -4.741019411550623772e+02 8.028343539267334350e+00
2.490000000000000000e+02 -2.154042559658237224e+02 1.031110480739260815e+01
2.500000000000000000e+02 -5.540763238613062640e+02 1.389023430393568503e+01
2.510000000000000000e+02 -3.652455912539953715e+02 7.984001200125968367e+00
2.520000000000000000e+02 -5.075263096104881697e+02 1.386958307354833408e+01
2.530000000000000000e+02 -4.605181970994872245e+02 9.126215262937478201e+00
2.540000000000000000e+02 -1.232966469733305530e+02 1.219712685638155136e+01
2.550000000000000000e+02 -2.324458689605617110e+02 1.023202692743177522e+01
2.560000000000000000e+02 -4.414424029389583666e+02 8.313661427315221175e+00
2.570000000000000000e+02 -8.247170023815488094e+01 8.599034788624614123e+00
2.580000000000000000e+02 -1.066109603749300732e+02 1.168694716408102074e+01
2.590000000000000000e+02 -1.681300791741696230e+03 5.624499699599580183e+00
2.600000000000000000e+02 -6.211531634024686355e+01 7.279212607185956863e+00
2.610000000000000000e+02 -1.308140971541639374e+03 1.496241010144777128e+01
2.620000000000000000e+02 1.211852240372928645e+04 7.497745358271859395e+00
2.630000000000000000e+02 -1.490264002620506290e+02 1.092895614659049919e+01
2.640000000000000000e+02 -4.582425314654201429e+02 8.173649010690407835e+00
2.650000000000000000e+02 -3.304537878682995142e+02 1.063958276324607510e+01
2.660000000000000000e+02 -1.021208014420385553e+02 8.493011281423846981e+00
2.670000000000000000e+02 -1.319470609117452113e+02 8.401574523466871725e+00
2.680000000000000000e+02 -3.357130071131714431e+02 8.836594795193839502e+00
2.690000000000000000e+02 -6.506013303019262821e+02 8.231207727357432447e+00
2.700000000000000000e+02 -2.319052626970396886e+02 7.941683089441180066e+00
2.710000000000000000e+02 -4.011107294364283007e+02 1.051461959444591798e+01
2.720000000000000000e+02 -4.359830489047590163e+02 1.074268596092286820e+01
2.730000000000000000e+02 -4.495082877862723763e+02 1.080535771938933820e+01
2.740000000000000000e+02 -1.104612531716704780e+03 5.225220624897604971e+00
2.750000000000000000e+02 -2.429837173408768649e+02 1.032961564797974852e+01
2.760000000000000000e+02 -1.134518645505377208e+02 8.116364759577216148e+00
2.770000000000000000e+02 -3.030718881578304718e+02 1.273032950929685114e+01
2.780000000000000000e+02 -2.913040535511272537e+02 9.452665471155622612e+00
2.790000000000000000e+02 -6.622631333996132525e+02 1.451143607571760441e+01
2.800000000000000000e+02 -1.462455340970691395e+02 1.236863406416353151e+01
2.810000000000000000e+02 -1.613955354604131571e+02 1.101517557278277692e+01
2.820000000000000000e+02 -1.485004579436558743e+02 7.156210127102454521e+00
2.830000000000000000e+02 -1.594683479142195210e+02 1.017433791865912340e+01
2.840000000000000000e+02 -2.490219317759338082e+02 1.270573156488703681e+01
2.850000000000000000e+02 -1.627650009873423187e+02 1.137985664204281733e+01
2.860000000000000000e+02 -3.622642642778023401e+02 1.246559289331153231e+01
2.870000000000000000e+02 -1.734491130079659342e+02 1.021219831230610353e+01
2.880000000000000000e+02 -2.603309898928346229e+02 1.406564876882099036e+01
2.890000000000000000e+02 -2.520930105305578763e+02 1.196528271885291517e+01
2.900000000000000000e+02 -3.771206611888374027e+02 1.094202761577029470e+01
2.910000000000000000e+02 -4.037599290377265788e+02 1.012751532580828950e+01
2.920000000000000000e+02 -2.345723603983624344e+02 8.580847167191288705e+00
2.930000000000000000e+02 -3.424506305632849035e+02 8.179980380256555605e+00
2.940000000000000000e+02 -2.175354804782573410e+02 7.875285070345947602e+00
2.950000000000000000e+02 -2.085124349689704104e+02 8.253921944752816486e+00
2.960000000000000000e+02 -2.118314225493750200e+02 9.563970110586867079e+00
2.970000000000000000e+02 -3.530074367289034853e+02 1.030660761155736438e+01
2.980000000000000000e+02 -1.683482851141097854e+02 1.244606829662959058e+01
2.990000000000000000e+02 -4.350192036112184724e+01 9.199622766071144042e+00
3.000000000000000000e+02 -2.411543603517502561e+02 8.385296392788260889e+00
3.010000000000000000e+02 -1.525509086760857826e+02 9.597927484451219016e+00
3.020000000000000000e+02 -1.425727554278337266e+02 1.210569733104059331e+01
3.030000000000000000e+02 -3.904088969006534171e+02 9.893549455979576024e+00
3.040000000000000000e+02 -3.225407213049002166e+02 7.060300776305560078e+00
3.050000000000000000e+02 -3.458364183269823116e+02 1.135949512663601269e+01
3.060000000000000000e+02 -9.523040425818817312e+01 9.585630062530562157e+00
3.070000000000000000e+02 -1.581074252811799852e+02 9.402665492118416068e+00
3.080000000000000000e+02 -4.693668552261415243e+02 1.057973061176717344e+01
3.090000000000000000e+02 -4.544470800874569250e+02 1.272495438766497955e+01
3.100000000000000000e+02 -8.314121424172690240e+02 1.301968795316324723e+01
3.110000000000000000e+02 -6.280989165536084329e+01 8.508231618198847102e+00
3.120000000000000000e+02 -3.582780139315318593e+02 1.113944036702616636e+01
3.130000000000000000e+02 -4.949075992623893399e+02 1.085079168091948709e+01
3.140000000000000000e+02 -2.221638830484325808e+02 9.463963456622600745e+00
3.150000000000000000e+02 -1.359756017874342433e+02 9.822192322312181645e+00
3.160000000000000000e+02 -5.089290266076204716e+02 1.161077807568107723e+01
3.170000000000000000e+02 -1.098695844657540874e+02 9.517009527288536219e+00
3.180000000000000000e+02 -3.649540726613367951e+02 1.209641809118133970e+01
3.190000000000000000e+02 -1.522217607817356111e+02 9.446625361375396324e+00
3.200000000000000000e+02 -6.439240471785760747e+02 7.565303042210622664e+00
3.210000000000000000e+02 -1.652736679659683432e+02 1.051801068454117427e+01
3.220000000000000000e+02 -2.855439797180188179e+02 9.792777917836142265e+00
3.230000000000000000e+02 -2.342876830305949625e+02 1.231387355573774300e+01
3.240000000000000000e+02 -4.016603117076101626e+02 8.553099483666608549e+00
3.250000000000000000e+02 -4.935181705393642915e+01 9.723235335437937721e+00
3.260000000000000000e+02 -1.357012136744406234e+02 1.235366812777843037e+01
3.270000000000000000e+02 -3.819454516897103531e+02 8.812101722619619437e+00
3.280000000000000000e+02 -1.079897708787761985e+02 8.767529037812401782e+00
3.290000000000000000e+02 -3.111835341135338240e+02 1.174659772756130494e+01
3.300000000000000000e+02 -1.523358607388627206e+02 9.721382440063697672e+00
3.310000000000000000e+02 -2.098296379585672184e+02 7.820713242177623314e+00
3.320000000000000000e+02 -1.141395828093609452e+02 7.709734658781949967e+00
3.330000000000000000e+02 -3.080905084503183389e+02 8.005124005661487629e+00
3.340000000000000000e+02 -1.671507941684276375e+02 1.001620903092816484e+01
3.350000000000000000e+02 3.483373478536350376e+02 6.812232537331795790e+00
3.360000000000000000e+02 -6.577421031096946535e+02 7.501364618999813771e+00
3.370000000000000000e+02 -1.353003699843247887e+02 1.357756194272214145e+01
3.380000000000000000e+02 -2.952396288667405315e+02 1.212370542080581792e+01
3.390000000000000000e+02 -1.786344617582417413e+02 7.884221572941114253e+00
3.400000000000000000e+02 -2.886784673292786465e+02 9.555431092642002966e+00
3.410000000000000000e+02 -2.259858359885138270e+02 7.711688370085274080e+00
3.420000000000000000e+02 -2.205553398973461299e+02 1.338459677201775300e+01
3.430000000000000000e+02 -4.013126855555428847e+02 1.094431361506104849e+01
3.440000000000000000e+02 -6.383442930127821455e+02 8.116562808847708865e+00
3.450000000000000000e+02 -1.481684264978043757e+02 9.588113505511605794e+00
3.460000000000000000e+02 -1.866104111913018642e+02 1.138644006119629637e+01
3.470000000000000000e+02 -1.008201228213906688e+02 1.274014842770523792e+01
3.480000000000000000e+02 -3.547799867380035721e+02 1.258015710669191023e+01
3.490000000000000000e+02 -1.039993613016449672e+02 1.000394067008341459e+01
3.500000000000000000e+02 -2.565822935930755193e+02 1.383154728872735717e+01
3.510000000000000000e+02 -2.811483266150598865e+02 1.231022981678572670e+01
3.520000000000000000e+02 -2.009303276771952369e+02 1.088564510759898063e+01
3.530000000000000000e+02 -1.139659919250891107e+03 4.690096882523538291e+00
3.540000000000000000e+02 -2.983938195693017406e+02 1.240539931622642378e+01
3.550000000000000000e+02 -3.432941577193369085e+02 8.678958412339893513e+00
3.560000000000000000e+02 -1.704890747679437482e+02 1.359786753341937882e+01
3.570000000000000000e+02 -5.143593545599596837e+02 8.284110242343048824e+00
3.580000000000000000e+02 -5.620721910938336805e+02 9.786098101896504531e+00
3.590000000000000000e+02 -1.523536590859612261e+02 1.149683590378821663e+01
3.600000000000000000e+02 -3.228442507080326322e+02 9.680067850728622858e+00
3.610000000000000000e+02 -2.581368484753065786e+02 1.031419755350478695e+01
3.620000000000000000e+02 -2.734481346237116668e+02 8.435875538529673534e+00
3.630000000000000000e+02 -2.328632531109878983e+02 7.911757150346141465e+00
3.640000000000000000e+02 -2.091347970094971060e+02 8.471474222609785443e+00
3.650000000000000000e+02 -2.542702683440757028e+02 9.793766336413350260e+00
3.660000000000000000e+02 -3.536057667735540235e+02 1.102263087083377080e+01
3.670000000000000000e+02 -3.682528459555569498e+02 1.049523831889341530e+01
3.680000000000000000e+02 -7.768753965862988480e+02 1.490869896008776685e+01
3.690000000000000000e+02 -1.442834143978307111e+02 1.217869843490830029e+01
3.700000000000000000e+02 -2.744863949121418045e+02 1.255687716649481089e+01
3.710000000000000000e+02 -3.818483189251010117e+02 1.350141965597903138e+01
3.720000000000000000e+02 -3.956229827968309110e+02 1.220153010815767303e+01
3.730000000000000000e+02 -1.296966324252080085e+02 1.480911234878146843e+01
3.740000000000000000e+02 -1.195027916719336645e+02 8.621127678854936249e+00
3.750000000000000000e+02 -5.825776078435201271e+02 1.300168092045215396e+01
3.760000000000000000e+02 -4.536671838034817483e+02 9.486974155266610254e+00
3.770000000000000000e+02 -3.932981651255176985e+02 8.552674033412547061e+00
3.780000000000000000e+02 -2.017457027195441697e+02 6.770824889595807861e+00
3.790000000000000000e+02 -1.858806427841909681e+02 8.823985108491608997e+00
3.800000000000000000e+02 -5.454396669707875844e+02 1.095011523076738946e+01
3.810000000000000000e+02 -1.347311186331553472e+02 9.494772143886001103e+00
3.820000000000000000e+02 -5.255858792013141283e+02 1.323717812580248676e+01
3.830000000000000000e+02 -3.277765188521480013e+02 8.021306497349350195e+00
3.840000000000000000e+02 -5.036287417001403810e+02 9.489108730172679529e+00
3.850000000000000000e+02 -3.694146121005514942e+02 1.191455173253936728e+01
3.860000000000000000e+02 -5.641972669846581994e+02 1.349835474596340923e+01
3.870000000000000000e+02 -5.605361228892152212e+02 8.406008213857054656e+00
3.880000000000000000e+02 -4.458783258327712247e+02 9.847362269879527119e+00
3.890000000000000000e+02 -3.761492836163815809e+02 8.526367402257706729e+00
3.900000000000000000e+02 -5.027026696535358496e+02 1.140704848493765056e+01
3.910000000000000000e+02 -2.612932596033142545e+02 8.747024932958574084e+00
3.920000000000000000e+02 -4.251616944754505312e+02 1.085328791960448491e+01
3.930000000000000000e+02 -2.425709684986186403e+02 1.055142238410944167e+01
3.940000000000000000e+02 -2.725111496645540683e+02 1.311724109823921225e+01
3.950000000000000000e+02 -1.170020624401918212e+02 7.948775954256828591e+00
3.960000000000000000e+02 -3.018710249330288207e+02 9.821478319832097625e+00
3.970000000000000000e+02 -3.792240288244902331e+02 8.042296840878737640e+00
3.980000000000000000e+02 -3.021980549873405835e+02 9.533794258897467344e+00
3.990000000000000000e+02 -2.066308202327018080e+02 1.028467488023239440e+01
4.000000000000000000e+02 -7.109710740279479069e+02 7.997468071136177414e+00
4.010000000000000000e+02 -2.336117996961975223e+02 1.129894282763833679e+01
4.020000000000000000e+02 -1.980864881910383701e+02 9.907299022933752752e+00
4.030000000000000000e+02 -1.916648505803750595e+02 1.045260113934594948e+01
4.040000000000000000e+02 -1.129928065247049744e+02 8.621330005756751902e+00
4.050000000000000000e+02 -4.440583347207671068e+02 1.037038739976722113e+01
4.060000000000000000e+02 -2.728413188444537809e+02 1.358674754763516290e+01
4.070000000000000000e+02 -1.049929582698773629e+02 1.275906119801020644e+01
4.080000000000000000e+02 -1.836766976680346488e+02 1.064472814451046112e+01
4.090000000000000000e+02 -2.038641939565295615e+02 1.061891253572576055e+01
4.100000000000000000e+02 -4.806112197741667842e+02 8.757147745355030821e+00
4.110000000000000000e+02 -4.122390170094877249e+02 1.374133965094934950e+01
4.120000000000000000e+02 -1.004142472347866715e+02 1.430785036745434269e+01
4.130000000000000000e+02 -1.610218732836874551e+02 8.150886537285645161e+00
4.140000000000000000e+02 -1.085219592439971166e+02 1.354744253216713901e+01
4.150000000000000000e+02 -1.769158140053605166e+02 1.237048221169518136e+01
4.160000000000000000e+02 -4.127882293764887436e+02 8.229458197682513187e+00
4.170000000000000000e+02 -3.646252004154393944e+02 1.004250706317133535e+01
4.180000000000000000e+02 -2.605722243163072562e+02 1.013894705740811730e+01
4.190000000000000000e+02 -2.732889333261919091e+02 6.618683048300150418e+00
4.200000000000000000e+02 -1.686226549095604241e+02 1.177071891516781932e+01
4.210000000000000000e+02 -3.521614778135372035e+02 9.869360946306281690e+00
4.220000000000000000e+02 -1.152580992281896215e+02 1.011262412468616212e+01
4.230000000000000000e+02 5.238256099867377998e+03 5.720982896457878830e+00
4.240000000000000000e+02 -3.092600044228547631e+02 9.438230896798030400e+00
4.250000000000000000e+02 -1.209781468973205847e+02 7.791578896337000515e+00
4.260000000000000000e+02 -3.164009827763065914e+02 8.599971900930372115e+00
4.270000000000000000e+02 -6.037983679265616956e+02 1.086494160566774525e+01
4.280000000000000000e+02 -1.440196823853120804e+02 1.227366934097049622e+01
4.290000000000000000e+02 -1.940537564471505902e+02 1.294199146915961052e+01
4.300000000000000000e+02 -2.034527368927811040e+02 1.268787165740520706e+01
4.310000000000000000e+02 -2.884007035006434307e+02 9.849498359223069599e+00
4.320000000000000000e+02 -1.628577084610169550e+02 7.190034154673223377e+00
4.330000000000000000e+02 -4.054434667228306353e+02 9.426058658406040180e+00
4.340000000000000000e+02 -1.212299740353564630e+02 1.355415059725045168e+01
4.350000000000000000e+02 -8.680480151233905417e+01 8.805272028365092041e+00
4.360000000000000000e+02 -2.653643311589139557e+02 9.452854333472672010e+00
4.370000000000000000e+02 1.675517430688159948e+00 1.013102193158281317e+01
4.380000000000000000e+02 -4.532779589454557936e+02 1.087326080402620931e+01
4.390000000000000000e+02 -4.496223392248866730e+02 8.851942934474596569e+00
4.400000000000000000e+02 -2.072441430642475098e+02 9.181111529916528013e+00
4.410000000000000000e+02 -2.451206255885308565e+02 9.468634073912253868e+00
4.420000000000000000e+02 -2.484396092392730679e+02 1.014516934174546314e+01
4.430000000000000000e+02 -2.866850351595549000e+02 1.144986140595452184e+01
4.440000000000000000e+02 -1.488060839490390208e+01 8.577448674092595482e+00
4.450000000000000000e+02 2.651412832611194972e+02 6.101038163262849423e+00
4.460000000000000000e+02 -1.826739651525927002e+02 8.114337671588231160e+00
4.470000000000000000e+02 -1.263143085234778482e+02 8.814121985714907126e+00
4.480000000000000000e+02 -2.349523564579894810e+02 1.181820121528664735e+01
4.490000000000000000e+02 -5.318626445006211725e+02 7.749697910727303629e+00
4.500000000000000000e+02 8.199263789006272418e+01 7.974219770264215690e+00
4.510000000000000000e+02 -1.738951416655090725e+02 1.231637119349473153e+01
4.520000000000000000e+02 -2.570862176397458825e+02 1.141219021782697673e+01
4.530000000000000000e+02 1.070101112055945123e+02 8.377444411736689744e+00
4.540000000000000000e+02 -1.938970833649082124e+02 8.531606688977733555e+00
4.550000000000000000e+02 -2.705799084643049355e+02 1.662103022999662372e+01
4.560000000000000000e+02 -3.137495065275761590e+02 7.338116972802474436e+00
4.570000000000000000e+02 -1.909187199984216932e+02 1.172483638111567217e+01
4.580000000000000000e+02 -1.917756419491443012e+02 1.111959039612107070e+01
4.590000000000000000e+02 -5.507607452508536880e+02 8.705089870221700110e+00
4.600000000000000000e+02 -2.368359761541064472e+02 1.164858955193346368e+01
4.610000000000000000e+02 -1.904400614573478379e+02 1.063848544924235284e+01
4.620000000000000000e+02 -2.059047570002117027e+02 8.381935169640559735e+00
4.630000000000000000e+02 -1.444196243856331421e+02 6.467022985353590769e+00
4.640000000000000000e+02 -3.399394849892451020e+01 8.182892773424763178e+00
4.650000000000000000e+02 -3.740756649499116975e+02 1.358386840408760499e+01
4.660000000000000000e+02 -3.259899979635711134e+02 1.072632329734973666e+01
4.670000000000000000e+02 -3.439197091114674549e+02 8.611546995533137405e+00
4.680000000000000000e+02 -1.371044467264682680e+02 9.057168241760960470e+00
4.690000000000000000e+02 -4.984247725922450627e+02 8.220493095623538693e+00
4.700000000000000000e+02 -3.690172711228169646e+02 7.639394493590130786e+00
4.710000000000000000e+02 -1.769367476005372737e+02 1.241159676792108968e+01
4.720000000000000000e+02 -1.891593987415890297e+02 7.838834830333453851e+00
4.730000000000000000e+02 -1.737929895606926038e+02 7.733433939403829172e+00
4.740000000000000000e+02 -3.815617402204352402e+02 1.083927009177231859e+01
4.750000000000000000e+02 -2.317087423479661084e+02 6.879370529306878090e+00
4.760000000000000000e+02 -2.849964162657961424e+02 9.534940058602721535e+00
4.770000000000000000e+02 -2.177923488571996131e+02 1.440160311772775259e+01
4.780000000000000000e+02 -3.642357370678282678e+02 1.035839770704527751e+01
4.790000000000000000e+02 -4.843661667240503448e+02 8.890799474427081961e+00
4.800000000000000000e+02 -2.186056626972758750e+02 8.338221975889249293e+00
4.810000000000000000e+02 -3.146738241834136716e+02 1.161055921179642958e+01
4.820000000000000000e+02 -2.703160038512532992e+02 9.404038158253195334e+00
4.830000000000000000e+02 -2.027671187197602194e+02 7.989478842465914887e+00
4.840000000000000000e+02 -1.796676022365472818e+02 1.072298545358239430e+01
4.850000000000000000e+02 -1.121739800276372989e+02 1.189516630206507841e+01
4.860000000000000000e+02 -2.560362820728682891e+02 8.800288270276924507e+00
4.870000000000000000e+02 -2.768772577339286727e+02 1.083371066751106149e+01
4.880000000000000000e+02 -1.588954184113804331e+02 9.992844950881579535e+00
4.890000000000000000e+02 -5.927397736413367966e+02 1.234890868122093188e+01
4.900000000000000000e+02 -1.390553010340845503e+02 7.914851591943333986e+00
4.910000000000000000e+02 -3.199506712201609844e+02 1.353017659563050756e+01
4.920000000000000000e+02 -3.605056298811196029e+02 7.182008332370648063e+00
4.930000000000000000e+02 -4.450118439012212548e+02 1.092937372855896250e+01
4.940000000000000000e+02 2.563971853292531705e+03 9.202438770539970392e+00
4.950000000000000000e+02 -3.345092811179447381e+02 1.408005391348293678e+01
4.960000000000000000e+02 -4.015763137748972440e+02 9.890251748416778454e+00
4.970000000000000000e+02 -2.442075983111844835e+02 8.381432610877864064e+00
4.980000000000000000e+02 -7.472297599959892977e+01 8.012497279735399047e+00
4.990000000000000000e+02 -1.881410789746169030e+02 7.298686435569682551e+00
5.000000000000000000e+02 -8.240324186354700942e+01 1.378933431421648947e+01
5.010000000000000000e+02 -1.835725583872999778e+02 9.530099719536709202e+00
5.020000000000000000e+02 -4.751464801144702506e+02 7.502895723107595671e+00
5.030000000000000000e+02 -3.476683719216980535e+02 1.512581997638060116e+01
5.040000000000000000e+02 -2.836164549849190735e+02 7.356713581275228897e+00
5.050000000000000000e+02 -2.227454012915727617e+02 8.486765887576023459e+00
5.060000000000000000e+02 -4.109647329987819830e+02 9.597575331004250643e+00
5.070000000000000000e+02 -3.684442782487003569e+02 1.341007054981555413e+01
5.080000000000000000e+02 -3.998528641070524827e+02 1.094784462077929454e+01
5.090000000000000000e+02 -3.600311671411045609e+02 1.265513352070128050e+01
5.100000000000000000e+02 -1.982065794046829978e+02 1.001711788273763482e+01
5.110000000000000000e+02 -7.704666190451371222e+01 7.099564216264525385e+00
5.120000000000000000e+02 -2.697066762604608812e+02 4.491861884306348252e+00
5.130000000000000000e+02 -3.815499310778159270e+02 8.890529960916554231e+00
5.140000000000000000e+02 -3.026607928875091602e+02 1.014104214905416690e+01
5.150000000000000000e+02 -1.966046789897636700e+02 1.259080819625128633e+01
5.160000000000000000e+02 -4.027388139929589670e+02 8.370402001767807576e+00
5.170000000000000000e+02 -3.616466039975384774e+02 9.849533652394862671e+00
5.180000000000000000e+02 -3.255105313540634597e+02 1.241532531077670853e+01
5.190000000000000000e+02 -2.561243249730050593e+02 1.004166882825306573e+01
5.200000000000000000e+02 -1.290365484659414506e+02 9.743860116833211293e+00
5.210000000000000000e+02 -1.620728239581994785e+02 1.260747596653189184e+01
5.220000000000000000e+02 -2.305534647798376682e+02 1.343301779356882086e+01
5.230000000000000000e+02 -3.806948501212664269e+02 8.967364892487879047e+00
5.240000000000000000e+02 -4.748054894079114092e+02 1.004090801694945689e+01
5.250000000000000000e+02 -1.793263111590295011e+02 1.193371547592117743e+01
5.260000000000000000e+02 -6.962413582261015108e+02 7.873220464077273384e+00
5.270000000000000000e+02 -2.536577482757584221e+02 1.103523060890211660e+01
5.280000000000000000e+02 -6.192730073550919769e+02 1.198733992963609474e+01
5.290000000000000000e+02 -3.454241187991092374e+02 1.082356921772654879e+01
5.300000000000000000e+02 4.705366602535295897e+02 5.520855396029543449e+00
5.310000000000000000e+02 -9.783186906213586553e+01 8.357348050562212194e+00
5.320000000000000000e+02 -1.608056577970874059e+02 8.670930170109535595e+00
5.330000000000000000e+02 -3.688045526135265391e+02 1.120196864711546247e+01
5.340000000000000000e+02 -4.240471883089348921e+02 1.412966420566351466e+01
5.350000000000000000e+02 -3.208673693628934416e+02 9.217052440657848678e+00
5.360000000000000000e+02 -2.942940470232942971e+02 9.829157230428304359e+00
5.370000000000000000e+02 -2.285547463511593378e+02 9.693725669957744984e+00
5.380000000000000000e+02 -1.365648724603165647e+02 7.083880647312017054e+00
5.390000000000000000e+02 -1.933844167999941419e+02 1.010840901442987239e+01
5.400000000000000000e+02 -3.667003781076200539e+02 1.557803286251859376e+01
5.410000000000000000e+02 -4.398251697735850030e+02 8.462032492086960289e+00
5.420000000000000000e+02 -1.884843050196295735e+02 1.218181354543631123e+01
5.430000000000000000e+02 -3.370568264246248873e+02 1.331034544970491318e+01
5.440000000000000000e+02 -8.157489258312980382e+02 8.172946149085355216e+00
5.450000000000000000e+02 -5.772354150353367004e+02 1.103727978057421133e+01
5.460000000000000000e+02 -1.913657936265244643e+02 8.580548695558185557e+00
5.470000000000000000e+02 -1.105561963818854565e+02 1.331204457229392801e+01
5.480000000000000000e+02 -3.562673555120300080e+02 1.374334492410828013e+01
5.490000000000000000e+02 -3.636267311305800831e+01 8.556319850567179586e+00
5.500000000000000000e+02 -1.358648750151633067e+02 1.235781849749611006e+01
5.510000000000000000e+02 -3.272145429375405001e+02 7.038816487102318220e+00
5.520000000000000000e+02 -8.615467124418455569e+02 1.269903621342668565e+01
5.530000000000000000e+02 -8.805333600022095197e+00 1.103610599962769179e+01
5.540000000000000000e+02 4.421442104411153196e+01 8.109459571142616952e+00
5.550000000000000000e+02 -1.927455224821515003e+02 1.129036033562464780e+01
5.560000000000000000e+02 -3.164775632673208747e+02 9.099888024262659414e+00
5.570000000000000000e+02 -2.380106135348833050e+02 6.909980393142690858e+00
5.580000000000000000e+02 -1.017957813016846558e+02 7.425203423625498900e+00
5.590000000000000000e+02 -3.367667016278037408e+02 8.383119822105971508e+00
5.600000000000000000e+02 -3.928172796754006413e+02 8.601119474420462652e+00
5.610000000000000000e+02 -2.506887258958149687e+02 1.056788513300762133e+01
5.620000000000000000e+02 6.590267564757270520e+03 7.891033185758281832e+00
5.630000000000000000e+02 -1.187340853367250020e+02 8.052141656800348102e+00
5.640000000000000000e+02 -1.370656656442170060e+02 1.165260598308363171e+01
5.650000000000000000e+02 -3.695749194280606389e+02 8.940010489215643119e+00
5.660000000000000000e+02 -2.040961056837318210e+02 9.452017716095195254e+00
5.670000000000000000e+02 -3.244045604184202602e+02 8.390858556417057912e+00
5.680000000000000000e+02 -1.411944716048469672e+02 1.219569069793527838e+01
5.690000000000000000e+02 2.361682221600858611e+01 6.879322582765806438e+00
5.700000000000000000e+02 -3.256404558260032900e+02 7.448249506605943537e+00
5.710000000000000000e+02 -1.874118241139130987e+02 1.384748137165887805e+01
5.720000000000000000e+02 -3.264025902368230163e+02 1.274676939589779323e+01
5.730000000000000000e+02 -1.794770283602215386e+02 1.250276858383606537e+01
5.740000000000000000e+02 -3.534223733632816220e+02 1.399198127096471111e+01
5.750000000000000000e+02 -5.714640893077721557e+02 1.229897815681344575e+01
5.760000000000000000e+02 -4.343005247687169685e+02 7.775956192161312508e+00
5.770000000000000000e+02 -1.225665658692905708e+02 8.743387050331291377e+00
5.780000000000000000e+02 -2.307924849949858981e+02 1.086512357218111902e+01
5.790000000000000000e+02 -3.669711754147201646e+02 9.587544257799024194e+00
5.800000000000000000e+02 -2.155026471487217350e+02 6.524168872658155927e+00
5.810000000000000000e+02 -4.106941612664431887e+02 9.921513968401622918e+00
5.820000000000000000e+02 -3.473432035632895349e+02 8.619640057999927052e+00
5.830000000000000000e+02 -1.972020473181505622e+02 1.013195709918465326e+01
5.840000000000000000e+02 -1.851646778166214062e+02 1.143941463375968226e+01
5.850000000000000000e+02 -2.791441880562770166e+02 6.964734714397639692e+00
5.860000000000000000e+02 -1.093549276620724413e+02 6.464220921766104411e+00
5.870000000000000000e+02 -3.252143258836467794e+02 1.466988337348731264e+01
5.880000000000000000e+02 -1.967793892233239603e+02 9.666610431876382137e+00
5.890000000000000000e+02 -4.664374531134999415e+02 1.063654938728853594e+01
5.900000000000000000e+02 -1.300991381881294728e+02 1.313048935716681775e+01
5.910000000000000000e+02 -8.470328739656179096e+01 1.163653429932249139e+01
5.920000000000000000e+02 -1.293021038609449533e+02 8.078571162461344102e+00
5.930000000000000000e+02 -2.567605877020578191e+02 7.969417651990348794e+00
5.940000000000000000e+02 -5.874461919603390925e+01 9.254809407158715473e+00
5.950000000000000000e+02 -6.163287852747125726e+02 8.937013181568083553e+00
5.960000000000000000e+02 -1.104004163110103036e+02 6.641692662870815944e+00
5.970000000000000000e+02 -1.486375189054042494e+02 7.229941565666371694e+00
5.980000000000000000e+02 4.184269725018566533e+00 8.080130460840788231e+00
5.990000000000000000e+02 -2.031099291594036913e+02 1.143693939658144210e+01
6.000000000000000000e+02 -3.030389436107925576e+02 1.188644720312540137e+01
6.010000000000000000e+02 -1.520210554631971718e+02 1.283096383478111768e+01
6.020000000000000000e+02 -2.252064208049923764e+02 1.069982040075695551e+01
6.030000000000000000e+02 -3.618587554348932827e+02 7.803731596159910744e+00
6.040000000000000000e+02 -2.635827788727092411e+02 1.400086597745991668e+01
6.050000000000000000e+02 -3.245653087100854464e+02 1.458522543030193752e+01
6.060000000000000000e+02 -1.545713608262039997e+02 9.704775646769597586e+00
6.070000000000000000e+02 -3.092923323851950954e+02 1.032296206415196238e+01
6.080000000000000000e+02 -4.913334250605330453e+02 1.052472709992263766e+01
6.090000000000000000e+02 -5.529550453721367376e+01 9.322834334981511262e+00
6.100000000000000000e+02 -2.558461778637292809e+02 8.660678454991927566e+00
6.110000000000000000e+02 -8.475506129805035016e+01 1.201896172629814963e+01
6.120000000000000000e+02 -2.474535352233333469e+02 1.677871203951853474e+01
6.130000000000000000e+02 -2.663332337085166728e+02 7.043208660350753547e+00
6.140000000000000000e+02 -5.361893277364106325e+01 7.071260391176938498e+00
6.150000000000000000e+02 -4.219125637592796920e+02 8.242276531155903641e+00
6.160000000000000000e+02 -3.307539546192938360e+02 1.070237073735175315e+01
6.170000000000000000e+02 -2.298672959728100977e+02 1.154834447891274962e+01
6.180000000000000000e+02 -2.280789703983928121e+02 1.405485754040867974e+01
6.190000000000000000e+02 -2.367387541088355647e+02 1.070713540237473893e+01
6.200000000000000000e+02 -1.773300844646319092e+02 1.126351466504130983e+01
6.210000000000000000e+02 -2.242770965176005120e+02 7.671983498768154774e+00
6.220000000000000000e+02 -1.542785431899401374e+02 1.047286541197473930e+01
6.230000000000000000e+02 -2.274661535572322464e+02 8.899763457053671445e+00
6.240000000000000000e+02 -2.999970385713795622e+02 1.080980778909599138e+01
6.250000000000000000e+02 -3.145827229945207364e+02 1.083012456076706798e+01
6.260000000000000000e+02 -5.001066632666761507e+02 1.203738095368649930e+01
6.270000000000000000e+02 -2.645089995837106471e+02 1.025034573345477540e+01
6.280000000000000000e+02 -4.032701219482323722e+02 8.802310906529591250e+00
6.290000000000000000e+02 -1.803633962470985352e+02 1.160049430923781344e+01
6.300000000000000000e+02 -3.257089953985596367e+02 9.236305109812168013e+00
6.310000000000000000e+02 -2.266060229002596316e+02 8.885047436102842866e+00
6.320000000000000000e+02 -2.159224574912832395e+02 8.065629290217691150e+00
6.330000000000000000e+02 -3.819591256581406924e+01 1.319394642614811275e+01
6.340000000000000000e+02 -4.756276306937761547e+02 1.119114385636344799e+01
6.350000000000000000e+02 -3.594353419187755208e+02 1.063039215039454533e+01
6.360000000000000000e+02 -7.172464942982860521e+02 9.513376123714113675e+00
6.370000000000000000e+02 -2.653780041675699977e+02 1.303005555076949484e+01
6.380000000000000000e+02 -8.870534654242055694e+01 1.205089972074550531e+01
6.390000000000000000e+02 -2.298221007016140902e+02 1.031436183765408288e+01
6.400000000000000000e+02 -4.372851102477834502e+02 1.371534681947320600e+01
6.410000000000000000e+02 -3.004671989643984489e+02 1.138829374886548074e+01
6.420000000000000000e+02 -1.165037408526936815e+02 7.905259969513351415e+00
6.430000000000000000e+02 -3.896305819940971560e+02 8.294670025839716132e+00
6.440000000000000000e+02 -3.732645854091151705e+02 9.549158215209411438e+00
6.450000000000000000e+02 -4.895723849022524519e+02 8.531500046133661641e+00
6.460000000000000000e+02 -1.058458524911748100e+02 7.297358487043990039e+00
6.470000000000000000e+02 -3.194602316545060603e+02 9.090033452166409234e+00
6.480000000000000000e+02 -1.994924166754317412e+02 1.117325843235360061e+01
6.490000000000000000e+02 -2.312077754710985573e+02 1.024888423254536285e+01
6.500000000000000000e+02 -1.107575287424124326e+02 9.830881660616149986e+00
6.510000000000000000e+02 -2.063332634782818786e+02 8.293133953236910827e+00
6.520000000000000000e+02 -5.542406338743539891e+02 1.072703176975412909e+01
6.530000000000000000e+02 -2.013285167096400983e+02 1.231349312888943892e+01
6.540000000000000000e+02 -3.284534832246899896e+02 1.004383324532084565e+01
6.550000000000000000e+02 -5.092691805191834646e+02 1.257921644165041286e+01
6.560000000000000000e+02 -9.947872112205823214e+01 8.875199508649874502e+00
6.570000000000000000e+02 -4.640244811031170684e+02 8.637946333273571753e+00
6.580000000000000000e+02 -3.385102391594818982e+02 1.080502143393783854e+01
6.590000000000000000e+02 -2.293698816432543026e+02 8.642336621881213432e+00
6.600000000000000000e+02 -2.697227196180620012e+02 9.940906134166135999e+00
6.610000000000000000e+02 -1.976987891579537973e+02 1.256075543617630785e+01
6.620000000000000000e+02 -6.664548531222626480e+02 1.197944136132548820e+01
6.630000000000000000e+02 -2.039016455828109429e+02 7.719034020493069193e+00
6.640000000000000000e+02 -3.633857026801574648e+02 8.939465972994554477e+00
6.650000000000000000e+02 -4.526053172631454800e+02 6.954780144180674029e+00
6.660000000000000000e+02 -3.361027539528013222e+02 1.133728922684845841e+01
6.670000000000000000e+02 -4.768634859596113529e+02 1.179860910040914845e+01
6.680000000000000000e+02 -4.024507695564116148e+02 8.147461863498582701e+00
6.690000000000000000e+02 -7.603853237717839875e+01 1.169497552247744387e+01
6.700000000000000000e+02 -2.685117714321977473e+02 9.874020095032076227e+00
6.710000000000000000e+02 -1.976859144846621348e+02 1.040050171552625891e+01
6.720000000000000000e+02 -1.651209690474179297e+02 6.504771608410462314e+00
6.730000000000000000e+02 -3.626293983098157696e+02 1.298304024260541034e+01
6.740000000000000000e+02 -3.332689952641512718e+02 8.494224845564092519e+00
6.750000000000000000e+02 -1.136647636294314907e+02 9.847386778549550357e+00
6.760000000000000000e+02 -1.489831765362041551e+03 5.461175735888167182e+00
6.770000000000000000e+02 -2.745179877193204447e+02 1.297454229650897695e+01
6.780000000000000000e+02 -3.882005573335136432e+02 9.413765740597908049e+00
6.790000000000000000e+02 -2.875471720540681417e+02 9.694029980189835527e+00
6.800000000000000000e+02 -1.804270120334040257e+02 6.854568337048187132e+00
6.810000000000000000e+02 -1.591660780198840257e+02 7.683946182425677840e+00
6.820000000000000000e+02 9.132028027846954501e+02 8.629976344917063003e+00
6.830000000000000000e+02 -3.896664096845552194e+02 1.094757650488586442e+01
6.840000000000000000e+02 -2.687047167591335892e+02 1.299852310483325368e+01
6.850000000000000000e+02 -4.242819143922179137e+02 1.166392978291277771e+01
6.860000000000000000e+02 -3.529228347755170034e+02 8.858263837997171208e+00
6.870000000000000000e+02 -2.844375758828746257e+02 1.186902330332322464e+01
6.880000000000000000e+02 -2.149209814266146168e+02 1.064237000547070267e+01
6.890000000000000000e+02 -3.661828537075134591e+02 1.049514586740357558e+01
6.900000000000000000e+02 -2.066017804998809879e+02 7.372098665714158727e+00
6.910000000000000000e+02 -2.976917414585441293e+02 1.405254042957338712e+01
6.920000000000000000e+02 -4.020530906767271517e+02 8.875804074988609571e+00
6.930000000000000000e+02 -7.315535864714938725e+02 1.514617800864287922e+01
6.940000000000000000e+02 -2.089270475432986132e+02 1.069423592693234326e+01
6.950000000000000000e+02 -4.139867335312164869e+02 1.146910035918585002e+01
6.960000000000000000e+02 -3.352654755864668914e+02 8.289533526706380329e+00
6.970000000000000000e+02 -5.042208615488289070e+02 1.121384568112458346e+01
6.980000000000000000e+02 -3.376626507055279944e+02 8.246272299200033018e+00
6.990000000000000000e+02 -2.863679354085916202e+02 8.865436020182372090e+00
7.000000000000000000e+02 -2.521981590181876527e+02 8.859788357604294617e+00
7.010000000000000000e+02 -4.186208004355703451e+02 9.988322383841737206e+00
7.020000000000000000e+02 -1.836215854700462842e+02 1.324163153116773195e+01
7.030000000000000000e+02 -1.585934426108660773e+02 9.877298530230030238e+00
7.040000000000000000e+02 -2.011267730767267494e+02 9.870405371732655198e+00
7.050000000000000000e+02 -4.683135623030757415e+02 8.895322453151925046e+00
7.060000000000000000e+02 -1.247593016707860443e+02 1.124130065778182086e+01
7.070000000000000000e+02 -1.892550643939021029e+02 9.353412743035599775e+00
7.080000000000000000e+02 -4.035005779648226962e+02 1.083501298262668833e+01
7.090000000000000000e+02 -9.270479562705077115e+01 7.704412819684853808e+00
7.100000000000000000e+02 -2.339757787020794240e+02 1.294737956874478257e+01
7.110000000000000000e+02 -3.662245834202749393e+02 1.439408396190439454e+01
7.120000000000000000e+02 -2.635031658208226872e+02 1.173278537551422218e+01
7.130000000000000000e+02 -4.246923453981489729e+02 8.549169444301735865e+00
7.140000000000000000e+02 -1.877711365301106525e+02 1.444056486894288582e+01
7.150000000000000000e+02 -2.738085295064720412e+02 1.010281682536990466e+01
7.160000000000000000e+02 -1.467769768266362007e+02 1.297785387654678502e+01
7.170000000000000000e+02 -4.825787904043108938e+02 1.096928610075256749e+01
7.180000000000000000e+02 -2.312245033993494872e+02 9.576504370442624037e+00
7.190000000000000000e+02 -5.791327101763181417e+01 1.194121879419698828e+01
7.200000000000000000e+02 -3.342397338834261973e+02 1.054765624656569223e+01
7.210000000000000000e+02 -1.795182984545672298e+02 1.043251443357026709e+01
7.220000000000000000e+02 -2.936377093457713272e+02 6.436534723527798540e+00
7.230000000000000000e+02 -2.884935679642521791e+02 1.301969939309449131e+01
7.240000000000000000e+02 -1.623029898880849942e+02 1.002589480884197748e+01
7.250000000000000000e+02 -1.917537151490014367e+02 1.004073399535170097e+01
7.260000000000000000e+02 -6.449377571655732027e+02 1.111055809605987221e+01
7.270000000000000000e+02 -1.900629669984637076e+02 1.050835206089569063e+01
7.280000000000000000e+02 -1.289066041405194483e+02 1.179317704354819796e+01
7.290000000000000000e+02 -5.224798683275985240e+02 1.033018284762607131e+01
7.300000000000000000e+02 -2.362716259214721504e+02 8.472485552952583987e+00
7.310000000000000000e+02 -5.267333544182120022e+02 1.039905140431644348e+01
7.320000000000000000e+02 -2.087633383429829337e+02 9.130036116827103143e+00
7.330000000000000000e+02 6.489895399060482305e+03 4.070167200960537635e+00
7.340000000000000000e+02 -2.413493449413454073e+02 1.108092699677233206e+01
7.350000000000000000e+02 -5.638020504431287918e+02 1.138897113524900284e+01
7.360000000000000000e+02 -2.273400263593275668e+02 1.084097413291612000e+01
7.370000000000000000e+02 -4.125245330754769384e+02 7.364931579690739305e+00
7.380000000000000000e+02 -2.354212894994225280e+02 1.253113013908424556e+01
7.390000000000000000e+02 -4.505807456996171823e+02 1.320621278822969202e+01
7.400000000000000000e+02 -2.500652213141556786e+02 1.429790099882039733e+01
7.410000000000000000e+02 -3.598696914067577382e+02 8.749828818612739312e+00
7.420000000000000000e+02 -3.840963499460594903e+02 9.727980375807939950e+00
7.430000000000000000e+02 -2.671416401080782634e+02 9.894658300996058031e+00
7.440000000000000000e+02 -1.401046140765547534e+02 9.142906099401910680e+00
7.450000000000000000e+02 -4.121822999334190172e+02 1.126907455594790441e+01
7.460000000000000000e+02 -4.044717810638812807e+02 1.282271314029845577e+01
7.470000000000000000e+02 -4.427529355441965890e+02 1.220772334806559734e+01
7.480000000000000000e+02 -2.792650669245858808e+02 1.245829051698003020e+01
7.490000000000000000e+02 -3.025268027762513157e+02 8.729438961263520369e+00
7.500000000000000000e+02 -1.704926070180663373e+02 1.292227839580308846e+01
7.510000000000000000e+02 -1.584839793908131469e+02 7.682637071561543962e+00
7.520000000000000000e+02 -3.726752413824297037e+02 1.241254716038764982e+01
7.530000000000000000e+02 -4.610877122100600900e+02 1.212567748328335782e+01
7.540000000000000000e+02 -4.907524984899046103e+02 8.987665801283185374e+00
7.550000000000000000e+02 -3.905307268910546554e+02 1.223364874990723195e+01
7.560000000000000000e+02 -2.436359393987531803e+02 7.188966539521014276e+00
7.570000000000000000e+02 -2.637817570075967524e+02 1.220399994019876111e+01
7.580000000000000000e+02 -1.001942764393661491e+02 7.836352587074087772e+00
7.590000000000000000e+02 -4.662586688290230086e+02 9.779813633524129912e+00
7.600000000000000000e+02 -5.046100700113129278e+00 6.228973674569783014e+00
7.610000000000000000e+02 -3.249732972349938791e+02 9.166266061391064923e+00
7.620000000000000000e+02 -2.233326843019190164e+02 1.068335639241018242e+01
7.630000000000000000e+02 -2.058197362756700386e+02 1.086954832384405378e+01
7.640000000000000000e+02 -1.698343182760504533e+02 9.457152208068880128e+00
7.650000000000000000e+02 -2.135817947980767713e+02 1.233379519344431507e+01
7.660000000000000000e+02 -1.888379173390212600e+02 1.199554485573405493e+01
7.670000000000000000e+02 -2.118823856350018104e+02 1.020317709267790285e+01
7.680000000000000000e+02 -7.676431066357290547e+02 1.034171556705588202e+01
7.690000000000000000e+02 5.101409453499167284e+03 3.122929861735462609e+00
7.700000000000000000e+02 -2.717716876565746134e+02 9.282410899270836069e+00
7.710000000000000000e+02 -1.446021314299223377e+02 1.001161862096422794e+01
7.720000000000000000e+02 -1.248419810471846176e+02 7.646223662767713591e+00
7.730000000000000000e+02 -8.740033355643481627e+01 7.351755167785604783e+00
7.740000000000000000e+02 -1.247742655563943117e+02 7.910763390690312313e+00
7.750000000000000000e+02 -1.977107785381058420e+02 1.438078119007738032e+01
7.760000000000000000e+02 -2.175228793702385701e+02 9.482158867876249175e+00
7.770000000000000000e+02 -1.804330443391459085e+02 1.200971963818623500e+01
7.780000000000000000e+02 -2.336486286309782372e+02 7.727739092323211878e+00
7.790000000000000000e+02 -3.812774983711287859e+02 1.084012050482195910e+01
7.800000000000000000e+02 -2.534615513068411019e+02 8.686104653325628533e+00
7.810000000000000000e+02 -3.424491047274568700e+02 7.929183888706715422e+00
7.820000000000000000e+02 -2.050954138423603581e+02 1.117822192944724868e+01
7.830000000000000000e+02 -2.605542601496172210e+02 1.057078733538515536e+01
7.840000000000000000e+02 -4.187122899729984056e+02 1.000722921749918726e+01
7.850000000000000000e+02 -3.932682467973108942e+02 1.244599356194278350e+01
7.860000000000000000e+02 -1.495272502618595354e+02 6.770557659442946630e+00
7.870000000000000000e+02 -4.128097408602679934e+02 9.392290384783773760e+00
7.880000000000000000e+02 -2.150101021836962900e+02 1.060611026314065342e+01
7.890000000000000000e+02 1.553812878576900403e+01 7.163477800743343948e+00
7.900000000000000000e+02 -2.100849499203368396e+02 1.129377043742709041e+01
7.910000000000000000e+02 -4.330508400000790061e+02 1.010914110904318974e+01
7.920000000000000000e+02 -5.996780247895976572e+02 1.173083426775626492e+01
7.930000000000000000e+02 -4.227165261846298563e+02 1.167016745824152579e+01
7.940000000000000000e+02 -4.830159573476748847e+01 6.021404238986973745e+00
7.950000000000000000e+02 -3.363268778353090056e+02 1.061498881651547244e+01
7.960000000000000000e+02 -3.119454513350283378e+02 1.141363095794729965e+01
7.970000000000000000e+02 -1.815274037467070229e+02 1.068637234322153695e+01
7.980000000000000000e+02 -3.028070656669096934e+02 8.698701075018012929e+00
7.990000000000000000e+02 -2.824881444583725170e+02 1.139130218257939831e+01
8.000000000000000000e+02 -1.860501551245797600e+02 1.114009771066713839e+01
8.010000000000000000e+02 -2.598980270410070261e+02 1.087206469616075744e+01
8.020000000000000000e+02 -3.010084404388235271e+02 1.377221620850770734e+01
8.030000000000000000e+02 -3.390600184540871851e+02 1.313367793379265436e+01
8.040000000000000000e+02 -1.122553219807819005e+02 1.148728692963637776e+01
8.050000000000000000e+02 -2.473534083852227923e+02 1.115537909893807189e+01
8.060000000000000000e+02 -4.022112660703051006e+02 1.389324329437795491e+01
8.070000000000000000e+02 -2.277850169606026611e+02 1.027861482438397367e+01
8.080000000000000000e+02 -2.550265448761410880e+02 1.263591674275093979e+01
8.090000000000000000e+02 -7.176559787710793898e+02 1.279140812643194458e+01
8.100000000000000000e+02 -1.815915078367024762e+02 1.258080129929905233e+01
8.110000000000000000e+02 -1.051404697334382945e+02 6.236895605555282884e+00
8.120000000000000000e+02 -2.624871256575743246e+02 8.608143375277702347e+00
8.130000000000000000e+02 -1.272123633899827837e+02 9.173435528897060820e+00
8.140000000000000000e+02 -5.196095571070209189e+02 1.309238070177711144e+01
8.150000000000000000e+02 -2.082669401781977285e+02 1.060736617886970734e+01
8.160000000000000000e+02 -1.931835524361713397e+02 7.226624972592976093e+00
8.170000000000000000e+02 -8.810363836005490157e+01 6.983812802199821590e+00
8.180000000000000000e+02 -4.554476517137718474e+02 1.048369049910080619e+01
8.190000000000000000e+02 -1.189903267728359424e+02 1.154555821975605490e+01
8.200000000000000000e+02 -2.260444996157657442e+02 1.134491037780570899e+01
8.210000000000000000e+02 -3.596762943100493430e+02 8.658538443569369747e+00
8.220000000000000000e+02 -3.990174790430364737e+02 1.290606330474243890e+01
8.230000000000000000e+02 -2.439147138415519294e+02 1.069375663865490367e+01
8.240000000000000000e+02 -2.075795887957119703e+02 8.209931455273471457e+00
8.250000000000000000e+02 -1.531942550114117694e+02 8.843813599538538739e+00
8.260000000000000000e+02 -1.433122496996957125e+02 1.168890646516765663e+01
8.270000000000000000e+02 3.144082300134505203e+01 7.655115641169876639e+00
8.280000000000000000e+02 -2.886217798792022222e+02 9.451268295905116190e+00
8.290000000000000000e+02 -2.183418869918168639e+02 7.818764268524970973e+00
8.300000000000000000e+02 -1.718669429008750740e+02 1.212334138636128245e+01
8.310000000000000000e+02 -7.186487778026821616e+02 8.597561444100934480e+00
8.320000000000000000e+02 -2.004515848513192395e+02 1.225028091822747456e+01
8.330000000000000000e+02 -3.087182645124967166e+02 1.162558609128407383e+01
8.340000000000000000e+02 -2.578566203834761836e+02 9.662206297003569588e+00
8.350000000000000000e+02 -3.144922009916253955e+02 8.455391189188981471e+00
8.360000000000000000e+02 -2.156993636129218430e+02 8.667370887885850195e+00
8.370000000000000000e+02 -2.192213222275204316e+02 8.146629488644503425e+00
8.380000000000000000e+02 -3.857365213404837050e+02 1.033582833661638922e+01
8.390000000000000000e+02 -2.767679377630447561e+02 8.437675360533942737e+00
8.400000000000000000e+02 -2.545826090969694633e+02 7.221683208322726699e+00
8.410000000000000000e+02 -1.328955540887191091e+02 7.601432718865219762e+00
8.420000000000000000e+02 -4.694887254045515874e+02 1.666048167303879524e+01
8.430000000000000000e+02 -2.875949685789501018e+02 8.792211108217889759e+00
8.440000000000000000e+02 -2.390478441263599052e+02 9.835973110090975524e+00
8.450000000000000000e+02 -5.845876057204804965e+01 1.368937463079640260e+01
8.460000000000000000e+02 -4.066576891546310435e+02 1.123775244370951576e+01
8.470000000000000000e+02 -2.582122271002790512e+02 7.346209790243404036e+00
8.480000000000000000e+02 -4.196339467560173944e+02 9.491405841669976695e+00
8.490000000000000000e+02 -2.968907684531477571e+02 9.573240141278128945e+00
8.500000000000000000e+02 -3.753030522747530995e+02 1.019780758697715939e+01
8.510000000000000000e+02 -8.454677963106496463e+01 1.182997990409188205e+01
8.520000000000000000e+02 -1.711525849012000435e+02 8.242325918160137377e+00
8.530000000000000000e+02 -3.041696748455406123e+02 9.421079974650417910e+00
8.540000000000000000e+02 -1.622677440825982558e+02 9.949711595365126726e+00
8.550000000000000000e+02 -3.366431420541166517e+02 1.004427251625609507e+01
8.560000000000000000e+02 -2.452978604496574917e+02 7.764085984028369580e+00
8.570000000000000000e+02 -1.889912940367303236e+02 8.314639382649096078e+00
8.580000000000000000e+02 -9.254164515472484709e+01 1.164406619687639477e+01
8.590000000000000000e+02 -1.309570873088914595e+02 1.055189609739498735e+01
8.600000000000000000e+02 -2.533216508491641434e+02 8.314319544528567363e+00
8.610000000000000000e+02 -1.552738331217037739e+02 7.245182227498330185e+00
8.620000000000000000e+02 -2.224782524031870707e+02 7.899194769221768553e+00
8.630000000000000000e+02 -4.051254049708413731e+02 8.858248339936519500e+00
8.640000000000000000e+02 -9.494735733969491775e+01 7.455418529485527301e+00
8.650000000000000000e+02 -2.006060215191428142e+02 1.225619902220021551e+01
8.660000000000000000e+02 -2.799896654083049725e+02 1.483753748281504592e+01
8.670000000000000000e+02 -3.204589163071868825e+02 1.139303630276976520e+01
8.680000000000000000e+02 -2.004587974054329607e+02 1.505899160243928492e+01
8.690000000000000000e+02 -4.964638383776591581e+02 7.554303495020754156e+00
8.700000000000000000e+02 -8.557098409191530664e+01 8.098014950903815290e+00
8.710000000000000000e+02 -1.849642725477315253e+02 1.351790444709019567e+01
8.720000000000000000e+02 -1.083253095978689089e+02 1.054780549025062797e+01
8.730000000000000000e+02 -7.131815341617948434e+01 8.590510004827585533e+00
8.740000000000000000e+02 -1.547989550326460630e+02 9.356588922630731275e+00
8.750000000000000000e+02 -3.051180873025114124e+02 1.154884179585314641e+01
8.760000000000000000e+02 -3.883376799111474611e+02 9.544418264398863982e+00
8.770000000000000000e+02 -2.777466281992665245e+02 7.620105113607414715e+00
8.780000000000000000e+02 -4.162388393851097135e+02 1.159033717923848883e+01
8.790000000000000000e+02 -1.811399090328304737e+02 1.146970218549084386e+01
8.800000000000000000e+02 -1.739112948473848519e+02 9.766345247686158970e+00
8.810000000000000000e+02 -3.278714936900069006e+02 7.413686326921776093e+00
8.820000000000000000e+02 -1.716381735162894984e+02 8.093628914757674764e+00
8.830000000000000000e+02 -1.041930178828843054e+02 9.738311695247924504e+00
8.840000000000000000e+02 -2.540555157346370834e+02 1.102972093346695459e+01
8.850000000000000000e+02 -2.041727275483635822e+02 7.825251211977082733e+00
8.860000000000000000e+02 -2.180695265774857035e+02 1.101216557345933644e+01
8.870000000000000000e+02 -3.445393661288062503e+02 1.266231560790616228e+01
8.880000000000000000e+02 -2.797379910776535326e+02 1.121166129507963838e+01
8.890000000000000000e+02 -1.830819318210183155e+02 9.637944036227722222e+00
8.900000000000000000e+02 -2.929684999580031217e+02 1.368771398344896539e+01
8.910000000000000000e+02 -2.772539954480844244e+02 7.574736491725968968e+00
8.920000000000000000e+02 -3.095591186712663330e+02 1.022119248137166636e+01
8.930000000000000000e+02 -1.468795507013765018e+02 7.942930911165012375e+00
8.940000000000000000e+02 -4.933122201902688175e+02 8.766887047179716674e+00
8.950000000000000000e+02 -2.403631471829112343e+02 1.091135136286730578e+01
8.960000000000000000e+02 -1.797941568141823154e+02 6.576628410818770476e+00
8.970000000000000000e+02 7.662414886515762191e+00 1.007974786684605739e+01
8.980000000000000000e+02 -3.324840214617261154e+02 9.868834437261904569e+00
8.990000000000000000e+02 -3.348658812836665675e+02 1.008464706175648296e+01
9.000000000000000000e+02 -1.444944945174793247e+02 1.096597254078914929e+01
9.010000000000000000e+02 -3.066129924166289129e+02 1.189818079197130807e+01
9.020000000000000000e+02 -7.992759513233067992e+01 7.924238734334284828e+00
9.030000000000000000e+02 -1.399997005550339964e+02 1.456187130624510040e+01
9.040000000000000000e+02 -1.918526298234301066e+02 1.216088561939487178e+01
9.050000000000000000e+02 -4.042037791148031829e+02 7.115884595365083776e+00
9.060000000000000000e+02 -4.373548108911072632e+02 9.015106074233949940e+00
9.070000000000000000e+02 -1.579439006104321379e+02 7.791533981854305679e+00
9.080000000000000000e+02 -3.652753165779845403e+02 1.287726220536837296e+01
9.090000000000000000e+02 -6.631692893685121817e+02 1.132947239948082974e+01
9.100000000000000000e+02 -3.522398835833646444e+02 1.069476842168496766e+01
9.110000000000000000e+02 -3.468181649126690900e+02 1.132767082572131301e+01
9.120000000000000000e+02 -1.820261205569477170e+02 7.888651909728747746e+00
9.130000000000000000e+02 -4.908110629526445337e+02 8.161980051727132590e+00
9.140000000000000000e+02 -2.977141473034926094e+02 8.703169144054397677e+00
9.150000000000000000e+02 -1.236429376825317377e+02 1.263191870915889936e+01
9.160000000000000000e+02 -1.553787972626796545e+02 7.906877957590948469e+00
9.170000000000000000e+02 -2.538163259063594523e+02 9.456360728504717983e+00
9.180000000000000000e+02 -2.286064123471287530e+02 9.880497942088485530e+00
9.190000000000000000e+02 -2.698073517166840247e+02 8.668766400208582468e+00
9.200000000000000000e+02 -1.605400240125236451e+02 1.024581915878447269e+01
9.210000000000000000e+02 -4.734677342104714626e+01 8.707410033419058948e+00
9.220000000000000000e+02 -1.767597959286458718e+02 1.068185205345735156e+01
9.230000000000000000e+02 3.281541364669101313e+01 8.242386203323437854e+00
9.240000000000000000e+02 -2.210072717116518106e+02 1.115225971930992444e+01
9.250000000000000000e+02 1.514165072135438095e+02 5.428614436163982759e+00
9.260000000000000000e+02 -3.681376613539987375e+02 1.420074726820452327e+01
9.270000000000000000e+02 -4.338702256809401661e+02 8.128262847862943730e+00
9.280000000000000000e+02 -5.260324107496508077e+02 1.249008058813661926e+01
9.290000000000000000e+02 -2.032889115631805907e+02 8.520753647564902167e+00
9.300000000000000000e+02 -1.923046661635053169e+02 6.306222965874125563e+00
9.310000000000000000e+02 1.294018184730562098e+02 7.809633616993966854e+00
9.320000000000000000e+02 -2.489036166532177958e+02 1.052987439247157120e+01
9.330000000000000000e+02 -3.765711262313416228e+02 8.600825913871030792e+00
9.340000000000000000e+02 -2.914445817035266373e+02 1.047076462592761814e+01
9.350000000000000000e+02 -2.306249435018380609e+02 9.872670545953194932e+00
9.360000000000000000e+02 -1.832306160250245739e+02 8.164647014351551491e+00
9.370000000000000000e+02 -3.106403598993556443e+02 1.299359937678412713e+01
9.380000000000000000e+02 -3.110448095407364235e+02 1.015021727382594818e+01
9.390000000000000000e+02 -2.128971969950434868e+02 1.081559417496137954e+01
9.400000000000000000e+02 -3.567974867624825492e+02 1.034092635462831566e+01
9.410000000000000000e+02 -2.395554335330107278e+02 9.605886656834448090e+00
9.420000000000000000e+02 -2.331761834808485219e+02 1.347656197900619368e+01
9.430000000000000000e+02 -1.996823330618562977e+02 1.190221312960049360e+01
9.440000000000000000e+02 -3.944417515010582065e+02 6.835523249633015830e+00
9.450000000000000000e+02 -5.676838686457313088e+01 8.369330323093659985e+00
9.460000000000000000e+02 -1.933950550973740974e+02 8.330798271253835097e+00
9.470000000000000000e+02 -1.360843285224009378e+02 7.505645032375007020e+00
9.480000000000000000e+02 -1.104940139841849486e+03 4.705816071864987293e+00
9.490000000000000000e+02 -5.238775321814737254e+02 1.203324007535043805e+01
9.500000000000000000e+02 -2.757783109547854110e+02 1.080806522573654860e+01
9.510000000000000000e+02 -3.720783116048551165e+02 1.144481548067984455e+01
9.520000000000000000e+02 -1.077965007070015417e+02 1.263515358701233637e+01
9.530000000000000000e+02 -2.346650062575126867e+02 1.033208448535048163e+01
9.540000000000000000e+02 -4.003383125371465212e+02 8.228597118140369204e+00
9.550000000000000000e+02 -2.662467605812471447e+02 1.103893641827899152e+01
9.560000000000000000e+02 -1.610710498171442850e+02 8.163515932591439039e+00
9.570000000000000000e+02 -4.672473630472468358e+02 9.945470572344834892e+00
9.580000000000000000e+02 -8.600802975259512095e+01 7.726186843585967523e+00
9.590000000000000000e+02 -2.334807638470665552e+02 9.846913695359138075e+00
9.600000000000000000e+02 -3.368586624424360707e+02 1.289169784767080351e+01
9.610000000000000000e+02 -2.289959822788132442e+02 9.870057035287992164e+00
9.620000000000000000e+02 -4.255505953634601610e+02 7.938330300965490416e+00
9.630000000000000000e+02 -5.188520528725111944e+02 1.120999031593787976e+01
9.640000000000000000e+02 -3.143359510401305670e+02 7.269766505578301619e+00
9.650000000000000000e+02 -5.111694604489612175e+02 1.005130437303858848e+01
9.660000000000000000e+02 -7.214285201536222303e+01 8.038119368515264540e+00
9.670000000000000000e+02 -1.612051455181235724e+02 9.569880916871372989e+00
9.680000000000000000e+02 -1.908398692276605288e+02 8.473442024214211443e+00
9.690000000000000000e+02 -1.223059865680584153e+02 6.102251903072231087e+00
9.700000000000000000e+02 -9.601580464269818549e+01 8.525277053144707295e+00
9.710000000000000000e+02 -5.074858203741641773e+02 9.020892082667522516e+00
9.720000000000000000e+02 -1.889841247005224432e+02 9.479389524856529192e+00
9.730000000000000000e+02 -3.955948829678054608e+02 8.760087792605158796e+00
9.740000000000000000e+02 -2.141606164944714692e+02 7.558461195899943696e+00
9.750000000000000000e+02 -2.668880122306190970e+02 1.080681807713098763e+01
9.760000000000000000e+02 -4.190428949811212078e+02 1.042396414193081711e+01
9.770000000000000000e+02 -5.242158608866789109e+02 1.059959578534544455e+01
9.780000000000000000e+02 -4.091617952837768826e+02 7.933201920163253540e+00
9.790000000000000000e+02 -4.845325967391081576e+02 1.076103073464785709e+01
9.800000000000000000e+02 -3.082261176436686583e+02 1.332510343948208487e+01
9.810000000000000000e+02 -4.056037266957637257e+02 1.034008511114712547e+01
9.820000000000000000e+02 -4.513219705369228905e+02 1.243862949422477193e+01
9.830000000000000000e+02 -3.630595136612555507e+02 7.755212750774671981e+00
9.840000000000000000e+02 -3.101115256871498786e+02 8.703553208201922686e+00
9.850000000000000000e+02 -1.869283585539969863e+02 1.111821329762562627e+01
9.860000000000000000e+02 -2.409358825076396897e+02 7.866620262578853939e+00
9.870000000000000000e+02 -3.631375197730530999e+02 8.396502454261719706e+00
9.880000000000000000e+02 -5.426060977155339060e+01 6.592591763018951667e+00
9.890000000000000000e+02 -1.564755180306174225e+02 9.472930083581292848e+00
9.900000000000000000e+02 -3.017737808187339397e+02 1.181135419454131252e+01
9.910000000000000000e+02 -1.459517248196752917e+02 1.105402046923349957e+01
9.920000000000000000e+02 -1.558921386407873797e+02 8.421258892692327080e+00
9.930000000000000000e+02 -3.546696122954808743e+02 1.068815898785665652e+01
9.940000000000000000e+02 -3.762143139277795854e+02 1.129936625277706419e+01
9.950000000000000000e+02 -3.466357388330752656e+02 1.228616095088405302e+01
9.960000000000000000e+02 -5.193828050169058770e+02 1.025948688634665551e+01
9.970000000000000000e+02 -3.569847537989526245e+02 1.355369052641608718e+01
9.980000000000000000e+02 -1.195894995826747618e+02 8.351338748321332162e+00
9.990000000000000000e+02 -5.833527909453732718e+02 1.497310168656302842e+01
1.000000000000000000e+03 -1.958958078394834956e+02 1.129170713953461380e+01
1.001000000000000000e+03 -3.819146713404907132e+02 9.469811253979917964e+00
1.002000000000000000e+03 -2.471807115869596601e+02 8.866435812421949336e+00
1.003000000000000000e+03 -4.264812209186684413e+02 1.021660325463741792e+01
1.004000000000000000e+03 -3.058400686987843073e+02 1.225526277767227334e+01
1.005000000000000000e+03 -1.932261679415942126e+02 6.874873130114009356e+00
1.006000000000000000e+03 -3.142461984169076459e+02 7.793886603967171922e+00
1.007000000000000000e+03 -2.851965396430305191e+02 8.992118783142094784e+00
1.008000000000000000e+03 -3.113289984786524656e+02 7.960874098418436517e+00
1.009000000000000000e+03 -3.999718450636373746e+01 1.052260725151094611e+01
1.010000000000000000e+03 -3.155660149029408785e+02 1.145963505030126939e+01
1.011000000000000000e+03 -3.264179751816864155e+02 8.769973726166831796e+00
1.012000000000000000e+03 -1.414792802901738469e+02 1.203475721420960021e+01
1.013000000000000000e+03 -2.113211208756529231e+02 9.588590312087719170e+00
1.014000000000000000e+03 -4.469012178090433736e+02 9.444853593794904967e+00
1.015000000000000000e+03 -2.548832784590204028e+02 1.289049324704121346e+01
1.016000000000000000e+03 -4.731863675655959014e+02 1.195861813998920020e+01
1.017000000000000000e+03 -1.920453507588326829e+02 7.323305429309154846e+00
1.018000000000000000e+03 -5.091450184072709817e+02 9.092944682535470946e+00
1.019000000000000000e+03 -5.991153366243033815e+02 1.300472109186517855e+01
1.020000000000000000e+03 -1.904198245759653219e+02 8.344931561476810700e+00
1.021000000000000000e+03 -1.597251379446815918e+02 8.543384543072479076e+00
1.022000000000000000e+03 -5.245124677455851270e+02 9.670770968074339891e+00
1.023000000000000000e+03 -3.001941414898728908e+02 1.033876781176255477e+01
1.024000000000000000e+03 -2.214398443845648217e+02 8.150322084852152926e+00
1.025000000000000000e+03 -1.693293238070273219e+02 8.804725270238327184e+00
1.026000000000000000e+03 -5.302753667358156235e+02 8.588446721081888668e+00
1.027000000000000000e+03 -8.209586598923160636e+02 8.506343029279319623e+00
1.028000000000000000e+03 -4.087423833458242370e+02 9.562922043260618565e+00
1.029000000000000000e+03 -7.059390025757511467e+01 7.260914472097764083e+00
1.030000000000000000e+03 -1.759425815757663258e+02 1.151837383290731509e+01
1.031000000000000000e+03 -3.044930768750264178e+02 1.246996750107886243e+01
1.032000000000000000e+03 -2.650809666345994629e+02 9.867844738943212235e+00
1.033000000000000000e+03 -4.618250153619519551e+02 1.109890286783777924e+01
1.034000000000000000e+03 -2.777996471311316782e+02 9.389478601773344479e+00
1.035000000000000000e+03 -2.413180882602946440e+02 8.949622108864772940e+00
1.036000000000000000e+03 -1.174368117875856115e+02 1.087420237988715854e+01
1.037000000000000000e+03 -2.673035760008897341e+02 8.271966671399351156e+00
1.038000000000000000e+03 -1.827022642567089861e+02 1.191949259547775775e+01
1.039000000000000000e+03 -2.890422473497737883e+02 8.227005937560621263e+00
1.040000000000000000e+03 -4.825650187029586959e+02 1.071523926112837088e+01
1.041000000000000000e+03 -9.247800627553806407e+01 9.488830873269014532e+00
1.042000000000000000e+03 -2.389152595174418821e+02 8.082831006580791566e+00
1.043000000000000000e+03 -2.827902654384970447e+02 7.567934855507295389e+00
1.044000000000000000e+03 -2.584545703219946517e+02 7.751121155371742510e+00
1.045000000000000000e+03 -3.409554539142018257e+02 8.631140051681626346e+00
1.046000000000000000e+03 -5.217641233554531937e+02 1.363685702757058316e+01
1.047000000000000000e+03 -2.608476796775853472e+02 9.896598972930469529e+00
1.048000000000000000e+03 -4.396830418283389008e+02 1.395105681103982675e+01
1.049000000000000000e+03 -1.149907600382775854e+02 6.484032919881679291e+00
1.050000000000000000e+03 -3.214638255874506285e+02 1.502201088114363436e+01
1.051000000000000000e+03 -3.747355932444870632e+02 7.901463208411783512e+00
1.052000000000000000e+03 -3.197052704100706251e+02 1.012594801340322803e+01
1.053000000000000000e+03 -6.372029269341473992e+02 9.604066075133033564e+00
1.054000000000000000e+03 -2.658281906696802253e+02 1.029802661437111411e+01
1.055000000000000000e+03 -3.787147815679718406e+02 8.451293023537475690e+00
1.056000000000000000e+03 -1.556762362784979814e+02 1.099597057002839229e+01
1.057000000000000000e+03 -1.840803199443098492e+02 1.037640521863425214e+01
1.058000000000000000e+03 -2.574257357214482909e+02 1.080684758502076726e+01
1.059000000000000000e+03 -3.351950534752941167e+02 7.650955280494446065e+00
1.060000000000000000e+03 -3.778549911924228581e+02 9.178365159425228015e+00
1.061000000000000000e+03 -2.322980120846741556e+02 1.380843551754131404e+01
1.062000000000000000e+03 -4.034654595571091704e+02 1.163662012927960632e+01
1.063000000000000000e+03 -2.292537476647876247e+02 8.563487884524924709e+00
1.064000000000000000e+03 -2.643198242009593741e+02 9.154024675243373821e+00
1.065000000000000000e+03 -1.335027819733468277e+02 8.986569136465067942e+00
1.066000000000000000e+03 -1.683042029721236759e+02 1.001613910342840441e+01
1.067000000000000000e+03 -1.712367674579236336e+02 1.216393279521168402e+01
1.068000000000000000e+03 -1.379595023674883123e+02 1.488895479398532196e+01
1.069000000000000000e+03 -2.928339944506151369e+02 8.378006238199070310e+00
1.070000000000000000e+03 -2.815843996946405241e+02 8.494752201788973167e+00
1.071000000000000000e+03 -1.747751605498651770e+02 8.560325470710935747e+00
1.072000000000000000e+03 -2.466268849837269954e+02 1.108930179568085173e+01
1.073000000000000000e+03 -3.507045063613513776e+02 8.386352877764146285e+00
1.074000000000000000e+03 -2.666616898892598329e+02 9.841996316981830972e+00
1.075000000000000000e+03 -1.414559013459984271e+02 1.066597464185423760e+01
1.076000000000000000e+03 -1.772856654355464343e+02 7.029813950977946924e+00
1.077000000000000000e+03 -2.189315003567253370e+02 9.586869684591523111e+00
1.078000000000000000e+03 -5.287842310804662702e+02 1.422600586363318875e+01
1.079000000000000000e+03 -5.189151252649471644e+02 1.350767705121364060e+01
1.080000000000000000e+03 -1.999196240206656512e+02 1.239930893603689732e+01
1.081000000000000000e+03 -1.942395454996021726e+02 6.579994547646643710e+00
1.082000000000000000e+03 -3.397855935121660877e+02 7.205152545821651877e+00
1.083000000000000000e+03 -1.621464834367543517e+02 1.481196297555073116e+01
1.084000000000000000e+03 -1.735801924919524026e+02 8.020783543087029344e+00
1.085000000000000000e+03 -2.893636797688468505e+02 1.040997362205142096e+01
1.086000000000000000e+03 -7.299920338668207478e+02 1.019846908878508174e+01
1.087000000000000000e+03 -2.343004505925864578e+02 1.066438019148420935e+01
1.088000000000000000e+03 -2.379978235248154306e+02 1.107395006948476279e+01
1.089000000000000000e+03 -3.214156808895768336e+02 1.052233474697759341e+01
1.090000000000000000e+03 -2.811442310809416085e+02 8.645731363752922505e+00
1.091000000000000000e+03 -4.334472515225716052e+02 1.261797941253766453e+01
1.092000000000000000e+03 -2.073521098840428749e+02 1.048325508703874753e+01
1.093000000000000000e+03 -2.772138592528272056e+02 9.975980181128598190e+00
1.094000000000000000e+03 -8.556026180636581557e+01 1.251592344406840063e+01
1.095000000000000000e+03 -2.048712896376018762e+02 7.418063359849490723e+00
1.096000000000000000e+03 -3.514433364618125779e+02 9.290552326134180916e+00
1.097000000000000000e+03 3.388336206159642643e+03 4.653462035223195237e+00
1.098000000000000000e+03 -2.041186104834305297e+02 7.765038929405133850e+00
1.099000000000000000e+03 -2.998445682321471395e+02 8.224310027225252284e+00
1.100000000000000000e+03 -4.427971525940765787e+02 8.910519312314251650e+00
1.101000000000000000e+03 -5.470661026154793944e+02 1.075378674443190263e+01
1.102000000000000000e+03 -1.271225167649345167e+02 1.012757889831536140e+01
1.103000000000000000e+03 -2.505264363442229296e+02 1.379882041087189748e+01
1.104000000000000000e+03 -1.793368011408674647e+02 1.317207947081549335e+01
1.105000000000000000e+03 -3.451088749575233123e+02 9.767729023628396234e+00
1.106000000000000000e+03 -1.875854065773419279e+02 9.181063737355247056e+00
1.107000000000000000e+03 -5.523864864776624017e+02 1.032682494807877127e+01
1.108000000000000000e+03 -3.465492141142431137e+02 1.044518852777453333e+01
1.109000000000000000e+03 -2.380198480388016833e+02 1.153401069404882051e+01
1.110000000000000000e+03 -3.224299525403848747e+02 9.107795609240259438e+00
1.111000000000000000e+03 -1.833463498091841757e+02 1.211706238016684978e+01
1.112000000000000000e+03 -7.710200032806351373e+02 1.331840576278687571e+01
1.113000000000000000e+03 -1.046202233252115548e+02 9.418811405427277350e+00
1.114000000000000000e+03 -6.269516897103676456e+01 6.479924962073044803e+00
1.115000000000000000e+03 -2.505488798386422786e+02 1.526632230235228782e+01
